12 55 1
1.0 0.0 0.830188679245 1 0.0 0.529411764706 0.0 0.0 1 0.0 0.470588235294 1.0 1.0 0.495652173913 1 1 0.333333333333 1.0 0.921062079282 0.117263843648 0.0864197530864 0.185495251233 0.041935483871 0.00980317653317 0.286219259708 0.265331549075 0.747106093944 0.127710843373 0.375 1.0 0.975 0.466666666667 1 1.0 0.909205867476 1.0 0.470588235294 0.0 0.0 0.803921568627 1.0 0.0 0.529411764706 0.0 0.0 1 0.5 0.4375 0.951219512195 1.0 0.486725663717 1 1.0 0.4 0.704545454545
0.382554906078
0.0 0.666666666667 0.169811320755 1 0.0 0.490196078431 0.0 0.0 1 0.333333333333 0.323529411765 0.0 1.0 0.495652173913 1 1 0.333333333333 0.0 0.269244577412 0.592833876221 0.123456790123 0.0285401702897 0.0 0.0359449806216 0.286219259708 0.265331549075 0.948005357314 0.0939759036145 0.25 0.0516312056738 0.975 0.0 1 1.0 0.0708143651998 0.0516312056738 0.323529411765 1.0 0.666666666667 0.137254901961 1.0 0.5 0.490196078431 0.0 0.0 1 0.75 0.28125 0.0487804878049 1.0 0.495575221239 1 0.0 0.6 0.113636363636
1.0
1.0 0.333333333333 1.0 1 0.333333333333 0.411764705882 0.75 0.666666666667 1 0.666666666667 0.205882352941 0.512820512821 1.0 0.217391304348 1 1 0.333333333333 0.451612903226 0.0 0.0 0.0 0.0285401702897 1.0 0.0718899612433 0.152653638338 0.1432790365 0.0 1.0 0.375 0.0714893617021 0.3 0.2 1 1.0 0.0601922104198 0.0714893617021 0.205882352941 0.0 0.333333333333 1.0 1.0 0.25 0.411764705882 1.0 0.666666666667 1 0.5 0.15625 0.365853658537 1.0 0.221238938053 1 0.0 0.4 0.295454545455
0.663311350226
0.0 0.666666666667 0.320754716981 1 0.666666666667 0.333333333333 0.5 0.5 1 0.0 0.882352941176 0.102564102564 0.818181818182 0.304347826087 1 1 0.5 0.258064516129 0.0269259536275 1.0 0.0864197530864 0.0142700851448 0.0838709677419 0.058819059199 0.172751603292 0.161644594158 0.818855830862 0.38313253012 0.125 0.0 0.55 0.0 1 1.0 0.0177035912999 0.0 0.882352941176 1.0 0.666666666667 0.294117647059 1.0 0.5 0.294117647059 0.666666666667 0.5 1 0.5 0.875 0.146341463415 0.870967741935 0.283185840708 1 0.0 0.4 0.318181818182
0.629763653481
1.0 0.666666666667 0.603773584906 1 1.0 0.43137254902 0.5 0.583333333333 1 0.333333333333 0.852941176471 0.0512820512821 0.939393939394 0.0 1 1 0.0 0.225806451613 0.00448765893792 0.211726384365 0.172839506173 0.0142700851448 0.118279569892 0.0326772551106 0.0414078674948 1.0 0.603558786951 0.530120481928 1.0 0.0158865248227 1.0 0.666666666667 1 1.0 0.0 0.011914893617 0.852941176471 0.0 0.333333333333 0.627450980392 1.0 0.75 0.392156862745 0.666666666667 0.5 1 0.75 0.84375 0.0 0.935483870968 0.0 1 0.0 0.102222222222 0.113636363636
0.309049159795
0.0 0.666666666667 0.0 1 0.333333333333 0.0 0.5 0.416666666667 1 0.0 0.0 0.794871794872 0.939393939394 0.313043478261 1 1 0.5 0.774193548387 0.0224382946896 0.146138132833 0.148148148148 1.0 0.163440860215 1.0 0.117961924961 0.111577684463 0.101358461686 0.0 0.25 0.0476595744681 0.55 0.466666666667 1 1.0 0.0637329286798 0.0516312056738 0.0 1.0 0.5 0.0 0.0 0.75 0.0 0.666666666667 0.416666666667 1 0.0 0.0 0.414634146341 0.935483870968 0.300884955752 1 0.0 0.4 0.5
0.413629160063
1.0 0.5 0.811320754717 1 0.666666666667 0.960784313725 0.75 0.583333333333 1 0.0 1.0 0.307692307692 1.0 0.478260869565 1 1 0.333333333333 0.290322580645 1.0 0.28664495114 0.0617283950617 0.0 0.0440860215054 0.0 0.534161490683 0.380277790596 0.0785898785038 0.00481927710843 0.25 0.0556028368794 0.95 1.0 1 1.0 0.00354071825999 0.0436879432624 1.0 0.0 0.5 0.78431372549 1.0 1.0 0.901960784314 0.666666666667 0.5 1 0.5 1.0 0.146341463415 1.0 0.469026548673 1 0.0 0.502222222222 0.0
0.203716865408
0.0 0.833333333333 0.283018867925 1 0.666666666667 0.372549019608 0.5 0.5 1 0.0 0.617647058824 0.230769230769 1.0 0.2 1 1 0.333333333333 0.322580645161 0.17684367988 0.0269419753768 0.0 0.0 0.00967741935484 0.0490158826659 0.639751552795 0.00189192930645 1.0 0.0385542168675 0.375 0.0516312056738 0.95 0.133333333333 1 1.0 0.0566514921598 0.0476595744681 0.617647058824 1.0 0.666666666667 0.294117647059 1.0 0.5 0.372549019608 1.0 0.583333333333 1 0.5 0.59375 0.170731707317 1.0 0.185840707965 1 0.0 0.4 0.159090909091
0.810602161606
0.0 0.833333333333 0.0377358490566 1 1.0 0.176470588235 0.5 0.5 1 0.666666666667 0.323529411765 0.461538461538 1.0 0.286956521739 1 1 0.333333333333 0.0645161290323 0.17684367988 0.0148512118368 1.0 0.0 0.0666666666667 0.222205334752 0.15734989648 0.0113515758387 0.503156988424 0.146987951807 0.375 0.994609929078 0.95 0.8 1 1.0 1.0 0.994609929078 0.323529411765 1.0 0.666666666667 0.0392156862745 1.0 0.75 0.176470588235 0.333333333333 0.416666666667 1 1.0 0.34375 0.439024390244 1.0 0.29203539823 1 0.0 0.4 0.0454545454545
0.0
1.0 0.5 0.867924528302 1 0.666666666667 0.450980392157 0.25 0.416666666667 1 0.333333333333 0.794117647059 0.205128205128 1.0 0.434782608696 1 1 0.333333333333 0.774193548387 0.0 0.231270358306 0.0246913580247 0.0 0.243010752688 0.0882285887985 0.0973084886128 0.0624336671127 0.323208648235 0.293975903614 0.333333333333 0.0317730496454 0.95 0.4 1 0.0 0.0318664643399 0.0317730496454 0.794117647059 0.0 0.5 0.862745098039 1.0 0.5 0.450980392157 0.333333333333 0.5 1 0.75 0.78125 0.439024390244 1.0 0.424778761062 1 0.0 0.502222222222 0.545454545455
0.384065587555
0.0 1.0 0.396226415094 1 0.0 1.0 0.75 0.75 1 0.333333333333 0.852941176471 0.538461538462 0.212121212121 1.0 1 1 1.0 0.290322580645 0.0113687359761 0.00651465798046 0.0864197530864 0.0 0.010752688172 0.0522836081769 0.0 0.452171104241 0.969099779967 0.293975903614 0.0 0.0198581560284 0.0 0.2 1 0.0 0.0354071825999 0.0198581560284 0.852941176471 1.0 1.0 0.372549019608 1.0 0.5 1.0 0.666666666667 0.666666666667 1 0.75 0.84375 1.0 0.161290322581 1.0 1 0.0 1.0 1.0
0.903521504528
0.0 0.666666666667 0.415094339623 1 0.333333333333 0.56862745098 1.0 1.0 1 1.0 0.558823529412 0.615384615385 0.0 0.834782608696 1 1 0.0 0.774193548387 0.0113687359761 0.485342019544 0.432098765432 0.0 0.0344086021505 0.18626035413 1.0 0.0 0.93877355783 0.0674698795181 0.125 0.98780141844 0.0625 0.466666666667 1 0.0 0.898077895802 0.987517730496 0.558823529412 1.0 0.666666666667 0.43137254902 1.0 0.25 0.529411764706 1.0 1.0 1 0.75 0.53125 0.585365853659 0.0 0.840707964602 1 0.0 0.0 0.545454545455
0.626865671642
