51 55 1
0.0 0.75 0.0185185185185 1 0.909090909091 0.102040816327 0.826086956522 0.796610169492 0.0 0.714285714286 0.367816091954 0.532258064516 0.931818181818 0.437810945274 1 0.0 0.428571428571 0.521739130435 0.128518246577 0.417801416167 0.373134328358 0.383301074551 0.00705467372134 0.137931034483 0.00759312622258 0.0235268724369 0.432952182952 0.0331202230448 0.918918918919 0.0272281413834 0.107833163784 0.05 1 0.013892206535 0.0247724974722 0.0260751777853 0.102040816327 1.0 0.5 0.0185185185185 1 0.916666666667 0.102040816327 0.833333333333 0.8 1.0 0.571428571429 0.352941176471 0.666666666667 0.909090909091 0.445 1 1.0 0.498412698413 0.510204081633
0.407466217042
1.0 0.375 0.796296296296 1 0.727272727273 0.510204081633 0.826086956522 0.796610169492 1.0 0.714285714286 0.67816091954 0.467741935484 1.0 0.661691542289 1 1.0 0.428571428571 0.347826086957 0.820200693022 0.143667296786 0.0149253731343 0.107001268104 0.213403880071 0.620689655172 0.0604715731022 0.178563719898 0.515018054492 0.0165601115224 0.432432432432 0.0248604769153 0.188708036623 0.1 1 1.0 0.00117964273677 0.0237047070775 0.510204081633 0.0 0.5 0.759259259259 1 0.75 0.510204081633 0.833333333333 0.8 0.0 0.571428571429 0.670588235294 0.979166666667 0.977272727273 0.66 1 0.0 0.926984126984 0.632653061224
0.2129430911
0.0 0.75 0.462962962963 1 0.818181818182 0.489795918367 0.826086956522 0.796610169492 0.0 0.714285714286 0.540229885057 0.435483870968 1.0 0.791044776119 1 0.0 0.714285714286 0.173913043478 0.258904303693 0.054820415879 0.164179104478 0.127010612027 0.00617283950617 0.310344827586 0.0604715731022 0.178563719898 0.777628843418 0.0611450271595 0.324324324324 0.474463047522 0.188708036623 0.1375 1 0.0381438503413 0.476322885069 0.473840162547 0.489795918367 1.0 0.6 0.462962962963 1 0.833333333333 0.469387755102 0.833333333333 0.8 1.0 0.571428571429 0.552941176471 0.604166666667 0.977272727273 0.795 1 0.0 0.64126984127 0.69387755102
0.339110154419
0.0 0.875 0.388888888889 1 0.818181818182 0.489795918367 0.826086956522 0.796610169492 1.0 0.714285714286 0.505747126437 0.0967741935484 1.0 0.766169154229 1 0.0 0.428571428571 0.101449275362 0.258904303693 0.277882797732 1.0 0.131015150504 0.00617283950617 0.310344827586 0.0604715731022 0.178563719898 0.629910274647 0.0611450271595 0.189189189189 0.0059191611703 0.188708036623 0.0625 1 0.0381438503413 0.0141557128413 0.0142228242465 0.489795918367 1.0 0.7 0.37037037037 1 0.833333333333 0.489795918367 0.833333333333 0.8 0.0 0.571428571429 0.494117647059 0.0833333333333 0.977272727273 0.785 1 0.0 0.355555555556 0.0
0.381220549714
0.0 0.75 0.37037037037 1 0.909090909091 0.326530612245 0.95652173913 0.915254237288 1.0 0.714285714286 0.413793103448 0.354838709677 1.0 0.482587064677 1 0.0 0.215873015873 0.275362318841 0.0502376627893 0.20415879017 0.179104477612 1.0 0.826278659612 0.0689655172414 0.0326546494752 0.51201011378 0.556050990262 0.0 0.324324324324 0.0118383223406 0.019606029779 0.1125 1 0.0381438503413 0.015335355578 0.0106671181849 0.326530612245 1.0 0.6 0.37037037037 1 0.75 0.326530612245 0.958333333333 0.933333333333 0.0 0.857142857143 0.4 0.4375 0.977272727273 0.49 1 0.0 0.212698412698 0.265306122449
0.495854403573
1.0 0.625 0.981481481481 1 1.0 0.734693877551 0.95652173913 0.915254237288 1.0 0.571428571429 0.954022988506 0.306451612903 1.0 0.696517412935 1 0.0 0.428571428571 0.202898550725 0.888176115212 0.17202268431 0.0671641791045 0.95457518521 0.042328042328 0.137931034483 0.112109038134 0.255372945638 0.132700514279 0.00382156419747 0.242733299337 0.0177574835109 0.183806529178 0.2125 1 0.0381438503413 0.0 0.0130375888927 0.734693877551 0.0 0.7 0.925925925926 1 1.0 0.714285714286 0.916666666667 0.9 0.0 0.714285714286 0.952941176471 0.270833333333 0.977272727273 0.7 1 0.0 0.571428571429 0.102040816327
0.973506997148
0.0 0.875 0.648148148148 1 0.909090909091 0.775510204082 0.913043478261 0.915254237288 0.0 0.571428571429 0.528735632184 0.0 1.0 0.597014925373 1 0.0 1.0 0.0 0.179335574706 0.0213065906251 0.119402985075 0.233611426283 0.434744268078 0.172413793103 0.134099657152 0.0560883105671 0.973137104716 0.00382156419747 0.378378378378 0.0 0.183806529178 0.025 1 0.0381438503413 0.0554432086282 0.00355570606163 0.775510204082 1.0 0.8 0.648148148148 1 0.916666666667 0.734693877551 0.958333333333 0.916666666667 1.0 0.714285714286 0.541176470588 0.0833333333333 0.977272727273 0.6 1 0.0 1.0 0.0
0.997517285696
0.0 0.875 0.185185185185 1 1.0 0.408163265306 0.869565217391 0.881355932203 0.0 0.857142857143 0.620689655172 0.403225806452 1.0 0.567164179104 1 0.0 0.428571428571 0.101449275362 0.179335574706 0.0510396975425 0.559701492537 0.583527998398 0.0141093474427 0.275862068966 0.0211282418022 0.0429835651075 0.309908086224 0.0789789934144 0.243243243243 0.297649247421 0.183806529178 0.0872641509434 1 0.0381438503413 0.331985170206 0.296816796478 0.408163265306 1.0 0.7 0.148148148148 1 1.0 0.387755102041 0.875 0.9 1.0 1.0 0.635294117647 0.520833333333 0.977272727273 0.58 1 0.0 0.498412698413 0.142857142857
0.40479043696
1.0 0.75 0.833333333333 1 0.909090909091 0.632653061224 0.869565217391 0.881355932203 1.0 0.857142857143 0.712643678161 0.403225806452 1.0 0.606965174129 1 0.0 0.428571428571 0.202898550725 0.894642604114 0.2797731569 0.0149253731343 0.0709337248882 0.0202821869489 0.137931034483 0.0211282418022 0.0429835651075 0.272595469964 0.173244243619 0.162162162162 0.00710299340436 0.183806529178 0.1125 1 0.0 0.0129760701045 0.00829664747714 0.632653061224 0.0 0.8 0.796296296296 1 0.916666666667 0.632653061224 0.875 0.9 0.0 1.0 0.705882352941 0.520833333333 0.977272727273 0.61 1 1.0 0.64126984127 0.571428571429
0.704635205078
0.0 0.625 0.648148148148 1 0.909090909091 0.795918367347 0.913043478261 0.898305084746 0.0 0.714285714286 0.781609195402 0.306451612903 1.0 0.71144278607 1 0.0 0.501587301587 0.347826086957 0.0368409527122 0.0378071833648 0.0522388059701 0.151011145965 0.137566137566 0.173215717723 0.28630923585 0.0113780025284 0.486568552358 0.156684132096 0.243243243243 0.110096397768 0.183806529178 0.0875 1 0.0310280232836 0.11324570273 0.109041652557 0.795918367347 1.0 0.5 0.648148148148 1 0.916666666667 0.755102040816 0.875 0.9 1.0 0.857142857143 0.8 0.5625 0.977272727273 0.715 1 0.0 0.498412698413 0.448979591837
1.0
0.0 0.75 0.407407407407 1 0.818181818182 0.734693877551 0.913043478261 0.915254237288 0.0 0.714285714286 0.528735632184 0.338709677419 0.886363636364 0.855721393035 1 0.0 0.571428571429 0.260869565217 0.0368409527122 0.342155009452 0.238805970149 0.135019688981 0.202842377261 0.103448275862 0.28630923585 0.230088495575 0.486568552358 0.156684132096 0.567567567568 0.0639269406393 0.0367613058356 0.025 1 0.0310280232836 0.0176946410516 0.039112766678 0.734693877551 1.0 0.6 0.407407407407 1 0.833333333333 0.714285714286 0.875 0.9 1.0 0.857142857143 0.541176470588 0.25 0.909090909091 0.86 1 0.0 0.498412698413 0.122448979592
0.874759896209
0.0 0.875 0.407407407407 1 0.727272727273 0.938775510204 0.95652173913 0.932203389831 1.0 0.714285714286 0.609195402299 1.0 0.545454545455 0.970149253731 1 0.0 0.930158730159 0.36231884058 0.0368409527122 0.264650283554 0.440298507463 0.0349062270573 0.169312169312 0.137931034483 0.000862377216415 0.420955258857 0.641973957763 0.156684132096 0.189189189189 0.0319634703196 0.00490150744474 0.05 1 0.0310280232836 0.0176946410516 0.0308161192008 0.938775510204 1.0 0.7 0.37037037037 1 0.75 0.938775510204 0.916666666667 0.916666666667 0.0 0.857142857143 0.6 0.895833333333 0.568181818182 0.985 1 0.0 0.0698412698413 0.734693877551
0.490434171951
0.0 1.0 0.555555555556 1 0.909090909091 0.795918367347 0.95652173913 0.949152542373 1.0 0.714285714286 0.850574712644 0.451612903226 0.386363636364 1.0 1 0.0 1.0 0.202898550725 0.0368409527122 0.00945179584121 0.0671641791045 0.0629379963959 0.00881834215168 0.103448275862 0.000862377216415 0.303413400759 0.641973957763 0.156684132096 0.188679245283 0.00710299340436 0.00245075372237 0.05 1 0.0310280232836 0.0106167846309 0.00592617676939 0.795918367347 1.0 1.0 0.518518518519 1 0.75 0.795918367347 0.916666666667 0.933333333333 0.0 0.857142857143 0.847058823529 1.0 0.409090909091 1.0 1 0.0 0.926984126984 1.0
0.377693354211
0.0 0.625 0.87037037037 1 0.909090909091 0.612244897959 1.0 1.0 0.0 0.857142857143 0.689655172414 0.709677419355 0.181818181818 0.900497512438 1 0.0 0.787301587302 0.666666666667 0.0386314745398 0.0 0.0597014925373 0.582353333778 0.0194003527337 0.103448275862 0.209126474981 0.00126422250316 0.173651384178 0.107003797529 0.513513513514 0.020125147979 0.00490150744474 0.075 1 0.0310280232836 0.0235928547354 0.018963765662 0.612244897959 1.0 0.7 0.87037037037 1 0.916666666667 0.591836734694 0.958333333333 1.0 1.0 1.0 0.705882352941 0.375 0.386363636364 0.875 1 0.0 0.212698412698 0.428571428571
0.351056787382
0.0 0.75 0.740740740741 1 0.818181818182 0.938775510204 0.95652173913 1.0 0.0 0.714285714286 0.586206896552 0.0806451612903 0.0 0.761194029851 1 0.0 0.428571428571 0.173913043478 0.0386314745398 0.113421550095 0.320895522388 0.0341453647467 0.132275132275 0.206896551724 0.477325789285 0.00126422250316 0.173651384178 0.379608710282 0.513513513514 0.0118383223406 0.0122537686119 0.05 1 0.0310280232836 0.015335355578 0.0106671181849 0.938775510204 1.0 0.6 0.703703703704 1 0.833333333333 0.918367346939 1.0 1.0 1.0 0.857142857143 0.6 0.3125 0.0 0.78 1 0.0 0.857142857143 0.285714285714
0.512734553482
0.0 0.875 0.666666666667 1 0.727272727273 1.0 0.913043478261 0.983050847458 0.0 0.714285714286 0.51724137931 0.274193548387 0.113636363636 0.701492537313 1 0.0 0.0 0.202898550725 0.0386314745398 0.0510396975425 0.298507462687 0.0349062270573 0.0123456790123 0.0689655172414 0.112109038134 1.0 0.173651384178 0.0191078209874 0.702702702703 0.00710299340436 0.0 0.05 1 0.0310280232836 0.0165149983148 0.00711141212326 1.0 1.0 0.7 0.666666666667 1 0.75 1.0 0.958333333333 1.0 1.0 0.857142857143 0.529411764706 0.333333333333 0.0909090909091 0.715 1 0.0 0.64126984127 0.367346938776
0.348864334142
0.0 0.875 0.648148148148 1 0.636363636364 0.918367346939 0.913043478261 0.966101694915 1.0 0.714285714286 0.563218390805 0.225806451613 0.136363636364 0.671641791045 1 0.0 1.0 0.0869565217391 0.0386314745398 0.0510396975425 0.388059701493 0.0669425348729 0.10582010582 0.0689655172414 0.112109038134 0.0 1.0 0.0191078209874 0.297297297297 0.0 0.00490150744474 0.0 1 0.0310280232836 0.0176946410516 0.0130375888927 0.918367346939 1.0 0.7 0.611111111111 1 0.666666666667 0.918367346939 0.958333333333 0.983333333333 0.0 0.857142857143 0.552941176471 0.229166666667 0.113636363636 0.68 1 0.0 1.0 0.530612244898
0.445213953847
0.0 0.75 0.648148148148 1 0.636363636364 0.714285714286 0.95652173913 0.983050847458 0.0 0.714285714286 0.655172413793 0.0645161290323 0.386363636364 0.517412935323 1 0.0 0.0730158730159 0.217391304348 0.0386314745398 0.606805293006 0.0597014925373 0.0629379963959 0.0202821869489 0.0344827586207 0.193172496477 0.155499367889 0.252434620856 0.0433110609047 1.0 0.299763233553 0.0392120595579 0.0 1 0.0310280232836 0.3022413212 0.424568235693 0.714285714286 1.0 0.8 0.648148148148 1 0.666666666667 0.714285714286 0.916666666667 0.966666666667 1.0 0.571428571429 0.670588235294 0.0833333333333 0.340909090909 0.53 1 0.0 0.142857142857 0.30612244898
0.24902202283
0.0 0.875 0.703703703704 1 0.909090909091 0.428571428571 0.869565217391 0.949152542373 0.0 1.0 0.620689655172 0.209677419355 0.0227272727273 0.761194029851 1 0.0 0.930158730159 0.550724637681 0.0386314745398 0.0812854442344 0.0298507462687 0.0349062270573 0.0202821869489 1.0 0.020697053194 0.169405815424 0.252434620856 0.0 0.189189189189 0.268729917132 0.00735226116711 0.075 1 0.0310280232836 0.268958543984 0.265492719269 0.428571428571 1.0 0.9 0.666666666667 1 0.75 0.428571428571 0.916666666667 0.966666666667 1.0 0.857142857143 0.611764705882 0.458333333333 0.0227272727273 0.765 1 0.0 0.926984126984 0.265306122449
0.0
0.0 0.875 0.444444444444 1 0.818181818182 0.448979591837 0.869565217391 0.949152542373 1.0 1.0 0.735632183908 0.322580645161 0.204545454545 0.547263681592 1 0.0 0.285714285714 0.31884057971 0.0386314745398 0.470699432892 0.328358208955 0.298538343456 0.0149911816578 0.172413793103 0.0434974654523 0.128796521846 0.104688696794 0.0127385473249 0.243243243243 0.0248604769153 0.0441135670027 0.0625 1 0.0310280232836 0.0389282103134 0.0237047070775 0.448979591837 1.0 0.7 0.407407407407 1 0.833333333333 0.428571428571 0.875 0.95 0.0 1.0 0.729411764706 0.4375 0.181818181818 0.56 1 0.0 0.498412698413 0.30612244898
0.563375003209
0.0 0.875 0.666666666667 1 0.818181818182 0.408163265306 0.869565217391 0.949152542373 0.0 0.571428571429 0.574712643678 0.0645161290323 0.454545454545 0.427860696517 1 0.0 0.428571428571 0.0 0.0579665339877 0.134215500945 0.119402985075 0.239137689381 0.13139329806 0.206896551724 0.0434974654523 0.128796521846 0.309853375643 0.0305725135798 0.27027027027 0.29874852021 0.0269582909461 0.0375 1 0.0271809507047 0.377906976744 0.294361666102 0.408163265306 1.0 0.7 0.666666666667 1 0.833333333333 0.387755102041 0.875 0.95 1.0 0.714285714286 0.588235294118 0.0833333333333 0.431818181818 0.43 1 0.0 0.498412698413 0.0
0.435568153899
0.0 0.75 0.111111111111 1 0.818181818182 0.0408163265306 0.826086956522 0.881355932203 1.0 0.571428571429 0.724137931034 0.241935483871 0.772727272727 0.592039800995 1 0.0 0.428571428571 0.492753623188 0.0579665339877 0.156899810964 0.134328358209 0.21511045852 0.13139329806 0.172413793103 0.036629998107 0.108661465881 0.826868366342 0.0305725135798 0.189189189189 0.188229325216 0.00490150744474 0.025 1 0.0271809507047 0.176946410516 0.187267185913 0.0408163265306 1.0 0.6 0.111111111111 1 0.833333333333 0.0204081632653 0.833333333333 0.883333333333 0.0 0.714285714286 0.717647058824 0.708333333333 0.795454545455 0.595 1 0.0 0.64126984127 0.367346938776
0.494594690893
0.0 0.625 0.0 1 0.727272727273 0.0204081632653 0.826086956522 0.898305084746 0.0 0.428571428571 0.64367816092 0.612903225806 0.909090909091 0.65671641791 1 0.0 0.571428571429 1.0 0.0579665339877 0.0321361058601 0.126865671642 0.17506507375 1.0 0.241379310345 0.00301832025745 0.656193148531 0.638144217092 0.0305725135798 0.405405405405 1.0 0.0122537686119 0.1375 1 0.0271809507047 1.0 1.0 0.0204081632653 1.0 0.5 0.0 1 0.75 0.0 0.875 0.883333333333 1.0 0.285714285714 0.658823529412 0.5625 0.931818181818 0.67 1 0.0 0.64126984127 0.285714285714
0.366582369461
0.0 0.75 0.259259259259 1 0.727272727273 0.408163265306 0.826086956522 0.881355932203 1.0 0.428571428571 0.781609195402 0.58064516129 0.954545454545 0.661691542289 1 0.0 0.501587301587 0.63768115942 0.0 0.162570888469 0.0671641791045 0.106987919642 0.047619047619 0.172413793103 0.0562438213827 0.109278159785 0.400098479046 0.114622890929 0.216216216216 0.298072044647 0.0171552760566 0.2 1 0.0381438503413 0.30055611729 0.297240094819 0.408163265306 1.0 0.6 0.259259259259 1 0.75 0.408163265306 0.833333333333 0.883333333333 0.0 0.428571428571 0.776470588235 0.75 0.931818181818 0.665 1 1.0 0.571428571429 0.897959183673
0.411453654029
1.0 0.5 0.87037037037 1 0.818181818182 0.428571428571 0.826086956522 0.881355932203 0.0 0.571428571429 0.735632183908 0.58064516129 0.954545454545 0.671641791045 1 0.0 0.501587301587 0.63768115942 0.0115804253455 0.198487712665 0.089552238806 0.0869652272576 0.225749559083 0.0344827586207 0.0562438213827 0.109278159785 0.383712660028 0.498077200404 0.324324324324 0.298072044647 0.0171552760566 0.0125 1 0.0381438503413 0.30055611729 0.297240094819 0.428571428571 0.0 0.6 0.833333333333 1 0.666666666667 0.428571428571 0.833333333333 0.883333333333 1.0 0.428571428571 0.752941176471 0.75 0.931818181818 0.68 1 1.0 0.571428571429 0.897959183673
0.444124911917
0.0 1.0 0.481481481481 1 0.818181818182 0.408163265306 0.826086956522 0.881355932203 0.0 0.571428571429 0.51724137931 0.145161290323 0.954545454545 0.646766169154 1 0.0 0.35873015873 0.159420289855 0.0966237714315 0.221172022684 0.223880597015 0.114983648135 0.0026455026455 0.206896551724 0.0562438213827 0.109278159785 0.383712660028 0.0165601115224 0.378378378378 0.296803652968 0.0171552760566 0.225 1 0.0381438503413 0.299292214358 0.295970199797 0.408163265306 1.0 0.8 0.481481481481 1 0.833333333333 0.387755102041 0.833333333333 0.883333333333 1.0 0.714285714286 0.529411764706 0.1875 0.931818181818 0.66 1 1.0 0.428571428571 0.224489795918
0.441242153868
0.0 1.0 0.388888888889 1 0.818181818182 0.387755102041 0.826086956522 0.881355932203 1.0 0.571428571429 0.425287356322 0.145161290323 0.954545454545 0.582089552239 1 0.0 0.35873015873 0.159420289855 0.0966237714315 0.0151228733459 0.44776119403 0.106987919642 0.0026455026455 0.206896551724 0.0562438213827 0.109278159785 0.826868366342 0.0165601115224 0.216216216216 0.296803652968 0.0171552760566 0.0375 1 0.0381438503413 0.299292214358 0.295970199797 0.387755102041 1.0 0.8 0.388888888889 1 0.833333333333 0.367346938776 0.833333333333 0.883333333333 0.0 0.714285714286 0.411764705882 0.1875 0.931818181818 0.6 1 1.0 0.428571428571 0.224489795918
0.389436067191
0.0 0.875 0.388888888889 1 0.818181818182 0.387755102041 0.869565217391 0.779661016949 1.0 0.428571428571 1.0 0.145161290323 0.977272727273 0.363184079602 1 0.0 0.428571428571 0.159420289855 0.0966237714315 1.0 0.0820895522388 0.60755522926 0.00970017636684 0.0689655172414 0.0370086027386 0.109771514909 0.268793084583 0.0292986588473 0.324324324324 0.146795197024 0.112734671229 0.05 1 0.0381438503413 0.0896528479946 0.145783948527 0.387755102041 1.0 0.7 0.351851851852 1 0.833333333333 0.387755102041 0.875 0.783333333333 0.0 0.428571428571 1.0 0.3125 1.0 0.375 1 1.0 0.498412698413 0.387755102041
0.43755697863
0.0 0.625 0.851851851852 1 0.818181818182 0.408163265306 0.869565217391 0.779661016949 0.0 0.285714285714 0.67816091954 0.0806451612903 0.954545454545 0.28855721393 1 0.0 0.571428571429 0.0724637681159 0.0772758305316 0.00567107750473 0.0223880597015 0.12300607355 0.0149911816578 0.206896551724 0.0370086027386 0.109771514909 0.687356384725 0.00891698312743 0.162162162162 0.299086757991 0.00735226116711 0.05 1 0.00964282571253 0.301567239636 0.298256010836 0.408163265306 1.0 0.5 0.851851851852 1 0.833333333333 0.387755102041 0.875 0.783333333333 1.0 0.428571428571 0.694117647059 0.104166666667 0.977272727273 0.29 1 0.0 0.64126984127 0.102040816327
0.411453654029
0.0 0.75 0.481481481481 1 0.818181818182 0.244897959184 0.869565217391 0.779661016949 1.0 0.285714285714 0.436781609195 0.0806451612903 0.931818181818 0.243781094527 1 0.0 0.571428571429 0.0724637681159 0.0772758305316 0.0510396975425 0.111940298507 0.147033304412 0.0 0.241379310345 0.0370086027386 0.109771514909 0.687383740015 0.00891698312743 0.486486486486 0.299086757991 0.129889947286 0.1375 1 0.00964282571253 0.301567239636 0.298256010836 0.244897959184 1.0 0.6 0.481481481481 1 0.666666666667 0.204081632653 0.875 0.783333333333 0.0 0.428571428571 0.423529411765 0.104166666667 0.954545454545 0.255 1 0.0 0.64126984127 0.102040816327
0.556140653248
0.0 0.625 0.351851851852 1 0.727272727273 0.224489795918 0.869565217391 0.779661016949 1.0 0.142857142857 0.586206896552 0.0806451612903 0.909090909091 0.208955223881 1 0.0 0.571428571429 0.0724637681159 0.0772758305316 0.362948960302 0.0 0.0949743042114 0.137566137566 0.275862068966 0.0370086027386 0.109771514909 0.687383740015 0.00636927366245 0.513513513514 0.299086757991 0.507306020531 1.0 1 0.00964282571253 0.301567239636 0.298256010836 0.224489795918 1.0 0.7 0.351851851852 1 0.75 0.204081632653 0.875 0.783333333333 0.0 0.285714285714 0.576470588235 0.104166666667 0.931818181818 0.22 1 0.0 0.64126984127 0.102040816327
0.350685114357
1.0 0.25 0.351851851852 1 0.636363636364 0.224489795918 0.869565217391 0.779661016949 1.0 0.428571428571 0.0 0.0967741935484 0.909090909091 0.298507462687 1 0.0 1.0 0.0579710144928 0.946786721799 0.0245746691871 0.0298507462687 0.531468998198 0.0952380952381 0.172413793103 0.0370086027386 0.109771514909 0.13059415691 0.585973176946 0.135135135135 0.00710299340436 0.416674373439 0.125 1 0.00964282571253 0.0106167846309 0.00592617676939 0.224489795918 0.0 0.4 0.296296296296 1 0.5 0.204081632653 0.875 0.783333333333 0.0 0.285714285714 0.0 0.333333333333 0.931818181818 0.305 1 0.0 0.0698412698413 0.142857142857
0.444582920205
0.0 0.125 0.962962962963 1 0.454545454545 0.244897959184 0.521739130435 0.322033898305 0.0 0.428571428571 0.0 0.145161290323 0.886363636364 0.303482587065 1 0.0 0.930158730159 0.0724637681159 0.123661939174 0.069943289225 0.0298507462687 0.0429153040112 0.126984126984 0.862068965517 1.0 0.031605562579 0.00869898238319 0.121016199587 0.405405405405 0.299171317436 0.151946730787 0.075 1 0.00964282571253 0.377148634985 0.298340670505 0.244897959184 1.0 0.3 0.981481481481 1 0.5 0.183673469388 0.875 0.35 0.0 0.285714285714 0.0 0.1875 0.909090909091 0.31 1 0.0 1.0 0.102040816327
0.20391082728
0.0 0.25 0.444444444444 1 0.363636363636 0.387755102041 0.521739130435 0.322033898305 1.0 0.285714285714 0.114942528736 0.145161290323 0.886363636364 0.303482587065 1 0.0 0.930158730159 0.0724637681159 0.123661939174 0.189035916824 0.0522388059701 0.0268971501035 0.186948853616 0.137931034483 1.0 0.070796460177 0.105919684867 0.0382156419747 0.351351351351 0.299171317436 0.612688430593 0.0875 1 0.00964282571253 0.377148634985 0.298340670505 0.387755102041 1.0 0.2 0.444444444444 1 0.416666666667 0.387755102041 0.875 0.35 0.0 0.428571428571 0.0941176470588 0.1875 0.886363636364 0.31 1 0.0 1.0 0.102040816327
0.236978154971
0.0 0.375 0.296296296296 1 0.363636363636 0.387755102041 0.434782608696 0.237288135593 1.0 0.285714285714 0.241379310345 0.145161290323 0.863636363636 0.298507462687 1 0.0 0.930158730159 0.0724637681159 0.123661939174 0.090929479991 0.268783202631 0.0429153040112 0.186948853616 0.137931034483 0.0418989125634 0.00252844500632 0.105919684867 0.0382156419747 0.405405405405 0.299171317436 0.00735226116711 0.1125 1 0.00964282571253 0.377148634985 0.298340670505 0.387755102041 1.0 0.3 0.296296296296 1 0.416666666667 0.387755102041 0.5 0.266666666667 0.0 0.428571428571 0.223529411765 0.1875 0.886363636364 0.305 1 0.0 1.0 0.102040816327
0.251837107113
0.0 0.375 0.222222222222 1 0.363636363636 0.367346938776 0.347826086957 0.152542372881 1.0 0.285714285714 0.32183908046 0.145161290323 0.886363636364 0.243781094527 1 0.0 0.930158730159 0.0724637681159 0.123661939174 0.090929479991 0.0373134328358 0.0469198424882 0.186948853616 0.137931034483 0.0564857076752 0.0252844500632 0.105919684867 0.0382156419747 0.567567567568 0.299171317436 0.169102006844 0.0 1 0.00964282571253 0.377148634985 0.298340670505 0.367346938776 1.0 0.3 0.222222222222 1 0.416666666667 0.367346938776 0.416666666667 0.183333333333 0.0 0.428571428571 0.305882352941 0.1875 0.863636363636 0.255 1 0.0 1.0 0.102040816327
0.253202248633
0.0 0.25 0.222222222222 1 0.363636363636 0.0204081632653 0.304347826087 0.118644067797 1.0 0.142857142857 0.620689655172 0.209677419355 0.863636363636 0.228855721393 1 0.0 0.930158730159 0.130434782609 0.123661939174 0.506648297075 0.0820895522388 0.183074150704 0.0132275132275 0.103448275862 0.0367351660602 0.116555147852 0.105919684867 0.625606883623 0.216216216216 0.299509555217 0.166651253121 0.25 1 0.00964282571253 0.301988540613 0.298679309177 0.0204081632653 1.0 0.4 0.185185185185 1 0.416666666667 0.0204081632653 0.333333333333 0.133333333333 0.0 0.285714285714 0.6 0.270833333333 0.886363636364 0.235 1 0.0 1.0 0.183673469388
0.372499461931
0.0 0.25 0.259259259259 1 0.454545454545 0.0408163265306 0.173913043478 0.0677966101695 1.0 0.142857142857 0.919540229885 0.209677419355 0.840909090909 0.213930348259 1 0.0 0.930158730159 0.101449275362 0.123661939174 0.206049149338 0.402985074627 0.0909697657345 0.0 0.241379310345 0.0105167953221 0.0455120101138 0.105919684867 0.538840551843 0.540540540541 0.108912565534 0.00980301488948 0.0 1 0.00964282571253 0.112066059993 0.107856417203 0.0408163265306 1.0 0.2 0.222222222222 1 0.333333333333 0.0204081632653 0.25 0.1 0.0 0.142857142857 0.917647058824 0.354166666667 0.863636363636 0.225 1 0.0 0.498412698413 0.30612244898
0.382516254185
0.0 0.375 0.185185185185 1 0.636363636364 0.448979591837 0.217391304348 0.186440677966 1.0 0.142857142857 0.804597701149 0.209677419355 0.863636363636 0.129353233831 1 0.0 0.930158730159 0.101449275362 0.123661939174 0.0226843100189 0.425373134328 0.0629780417807 0.108465608466 0.379310344828 0.0940622173611 0.110172365946 0.104086880403 0.067514300822 0.810810810811 0.108912565534 0.0906778877277 0.1125 1 0.00964282571253 0.112066059993 0.107856417203 0.448979591837 1.0 0.5 0.148148148148 1 0.5 0.428571428571 0.25 0.2 0.0 0.285714285714 0.823529411765 0.354166666667 0.886363636364 0.135 1 0.0 0.498412698413 0.30612244898
0.335384308946
0.0 0.375 0.740740740741 1 0.454545454545 0.469387755102 0.217391304348 0.169491525424 0.0 0.0 0.574712643678 0.209677419355 0.863636363636 0.0646766169154 1 0.0 0.930158730159 0.101449275362 0.0085017583182 0.00567107750473 0.0373134328358 0.058933457919 0.16049382716 0.241379310345 0.0 0.0695322376738 0.441186125397 0.201269047733 0.108108108108 0.108912565534 0.0906778877277 0.05 1 0.00964282571253 0.112066059993 0.107856417203 0.469387755102 1.0 0.5 0.740740740741 1 0.5 0.469387755102 0.208333333333 0.2 1.0 0.142857142857 0.588235294118 0.354166666667 0.886363636364 0.075 1 0.0 0.498412698413 0.30612244898
0.204288177874
0.0 0.5 0.481481481481 1 0.363636363636 0.448979591837 0.130434782609 0.118644067797 0.0 0.0 0.298850574713 0.209677419355 0.886363636364 0.0597014925373 1 0.0 0.930158730159 0.101449275362 0.0085017583182 0.355387523629 0.15671641791 0.0429153040112 0.00881834215168 0.275862068966 0.00215594304104 0.0265486725664 0.441186125397 0.201269047733 0.189189189189 0.108912565534 0.00245075372237 0.0125 1 0.00964282571253 0.112066059993 0.107856417203 0.448979591837 1.0 0.4 0.481481481481 1 0.416666666667 0.448979591837 0.125 0.133333333333 1.0 0.142857142857 0.305882352941 0.354166666667 0.863636363636 0.07 1 0.0 0.498412698413 0.30612244898
0.152075740795
0.0 0.375 0.37037037037 1 0.272727272727 0.448979591837 0.0434782608696 0.0338983050847 1.0 0.0 0.367816091954 0.209677419355 0.886363636364 0.0149253731343 1 0.0 0.930158730159 0.101449275362 0.0085017583182 0.0340264650284 0.179104477612 0.0429153040112 0.141975308642 0.275862068966 0.047861935511 0.00252844500632 0.441131414816 0.201269047733 0.648648648649 0.108912565534 0.100480902617 0.0 1 0.00964282571253 0.112066059993 0.107856417203 0.448979591837 1.0 0.5 0.37037037037 1 0.333333333333 0.448979591837 0.125 0.0666666666667 0.0 0.142857142857 0.352941176471 0.354166666667 0.863636363636 0.025 1 0.0 0.498412698413 0.30612244898
0.152624688759
0.0 0.25 0.277777777778 1 0.272727272727 0.265306122449 0.0434782608696 0.0 1.0 0.0 0.425287356322 0.209677419355 0.886363636364 0.0 1 0.0 0.930158730159 0.101449275362 0.0085017583182 0.468809073724 0.10447761194 0.0389107655343 0.0229276895944 0.275862068966 0.0211282418022 0.0202275600506 0.441131414816 0.201269047733 0.378378378378 0.108912565534 0.100480902617 0.025 1 0.00964282571253 0.112066059993 0.107856417203 0.265306122449 1.0 0.4 0.277777777778 1 0.166666666667 0.265306122449 0.0416666666667 0.0 0.0 0.142857142857 0.411764705882 0.354166666667 0.863636363636 0.0 1 0.0 0.498412698413 0.30612244898
0.0155374107116
0.0 0.125 0.240740740741 1 0.181818181818 0.0408163265306 0.0434782608696 0.0169491525424 1.0 0.0 0.551724137931 0.209677419355 0.886363636364 0.0248756218905 1 0.0 0.930158730159 0.101449275362 0.0085017583182 0.260901605203 0.365671641791 0.0790495895348 0.209015216767 0.0 0.074174957407 0.192192655176 0.645612211402 1.0 0.297297297297 0.108912565534 1.0 0.1 1 0.00964282571253 0.112066059993 0.107856417203 0.0408163265306 1.0 0.3 0.240740740741 1 0.25 0.0408163265306 0.0416666666667 0.0 1.0 0.0 0.564705882353 0.354166666667 0.886363636364 0.02 1 0.0 0.498412698413 0.30612244898
0.327052904484
0.0 0.0 0.277777777778 1 0.0909090909091 0.0 0.0 0.0338983050847 1.0 0.0 0.724137931034 0.0 0.863636363636 0.208955223881 1 0.0 0.857142857143 0.0 0.0085017583182 0.37618147448 0.126865671642 0.0589468063806 0.00176366843034 0.0344827586207 0.0150916012873 0.0189633375474 0.0996553233395 1.0 0.0 0.176391002875 0.14459446962 0.0625 1 0.00964282571253 0.168688911358 0.17422959702 0.0 1.0 0.2 0.240740740741 1 0.166666666667 0.0 0.0 0.0333333333333 1.0 0.0 0.717647058824 0.25 0.886363636364 0.21 1 0.0 1.0 0.285714285714
0.293685166292
0.0 0.0 0.407407407407 1 0.0909090909091 0.0204081632653 0.0869565217391 0.101694915254 0.0 0.142857142857 0.758620689655 0.112903225806 0.886363636364 0.238805970149 1 0.0 0.714285714286 0.0579710144928 0.0085017583182 0.0151228733459 0.111940298507 0.0469198424882 0.00176366843034 0.172413793103 0.00517426329849 0.0101137800253 0.412244228034 0.445849156372 0.243243243243 0.0106544901065 0.272079903819 0.0125 1 0.00964282571253 0.0247724974722 0.00948188283102 0.0204081632653 1.0 0.2 0.37037037037 1 0.166666666667 0.0 0.0833333333333 0.1 1.0 0.0 0.776470588235 0.1875 0.863636363636 0.25 1 0.0 0.926984126984 0.183673469388
0.344339804994
0.0 0.0 0.351851851852 1 0.0909090909091 0.0 0.0869565217391 0.135593220339 0.0 0.0 0.505747126437 0.0 0.886363636364 0.213930348259 1 0.0 0.428571428571 0.0 0.0085017583182 0.0302457466919 0.514925373134 0.0509243809651 0.00176366843034 0.0344827586207 0.00517426329849 0.0176991150442 0.412244228034 0.00257174445993 0.189189189189 0.0165736512768 0.0441135670027 0.075 1 0.00964282571253 0.0743174924166 0.0 0.0 1.0 0.2 0.351851851852 1 0.166666666667 0.0 0.0833333333333 0.133333333333 1.0 0.0 0.517647058824 0.0 0.863636363636 0.21 1 0.0 0.0 0.0816326530612
0.523987986755
0.0 0.0 0.296296296296 1 0.0 0.448979591837 0.130434782609 0.135593220339 0.0 0.142857142857 0.298850574713 0.0 0.909090909091 0.243781094527 1 0.0 0.428571428571 0.0 0.0085017583182 0.0302457466919 0.365671641791 0.0389107655343 0.021164021164 0.103448275862 0.0465683696864 0.17193426043 0.412244228034 0.0802528481469 0.324324324324 0.761119567056 0.066170350504 0.0125 1 0.00964282571253 0.298365352208 0.766762614291 0.448979591837 1.0 0.2 0.296296296296 1 0.0833333333333 0.448979591837 0.125 0.166666666667 1.0 0.0 0.305882352941 0.0 0.886363636364 0.245 1 0.0 0.498412698413 0.0
0.560396153225
1.0 0.0 0.685185185185 1 0.0 0.244897959184 0.0869565217391 0.118644067797 1.0 0.142857142857 0.264367816092 0.112903225806 0.886363636364 0.223880597015 1 0.0 1.0 0.130434782609 1.0 0.0302457466919 0.0298507462687 0.0270039377962 0.021164021164 0.0344827586207 0.0060366405149 0.0467762326169 0.0 0.0802528481469 0.243243243243 0.0177574835109 0.0563673356145 0.1125 1 0.00964282571253 0.0235928547354 0.018963765662 0.244897959184 0.0 0.2 0.62962962963 1 0.0833333333333 0.244897959184 0.166666666667 0.15 0.0 0.0 0.247058823529 0.145833333333 0.886363636364 0.24 1 0.0 0.926984126984 0.183673469388
0.252297954888
0.0 0.0 1.0 1 0.0909090909091 0.408163265306 0.130434782609 0.152542372881 1.0 0.142857142857 0.379310344828 0.0645161290323 0.909090909091 0.253731343284 1 0.0 0.857142857143 0.0 0.042508791591 0.0132325141777 0.0522388059701 0.0 0.0202821869489 0.827586206897 0.00301832025745 0.102402022756 0.0 0.0802528481469 0.216216216216 0.0260443091493 0.161749745677 0.125 1 0.00964282571253 0.0660599932592 0.0213342363698 0.408163265306 1.0 0.0 1.0 1 0.0 0.408163265306 0.125 0.166666666667 0.0 0.0 0.364705882353 0.0 0.886363636364 0.255 1 0.0 0.0698412698413 0.102040816327
0.183571630259
0.0 0.125 0.425925925926 1 0.0 0.448979591837 0.0434782608696 0.101694915254 1.0 0.142857142857 0.333333333333 0.0 0.840909090909 0.0696517412935 1 0.0 0.501587301587 0.0 0.042508791591 0.0378071833648 0.0970149253731 0.0228926116265 0.138447971781 0.965517241379 0.0379445975222 0.0606826801517 0.186727213043 0.196173628804 0.27027027027 0.299763233553 0.085776380283 0.0375 1 0.00964282571253 0.3022413212 0.298933288182 0.448979591837 1.0 0.1 0.425925925926 1 0.0833333333333 0.448979591837 0.125 0.133333333333 0.0 0.0 0.341176470588 0.0 0.863636363636 0.07 1 0.0 0.571428571429 0.0
0.0380442772567
