17 55 1
1 0.333333333333 0.740740740741 0.0 0.818181818182 0.269230769231 0.809523809524 0.769230769231 1.0 0.666666666667 0.8 1.0 1.0 0.763636363636 1 0.0 0.333333333333 0.818181818182 0.800948340404 0.237804878049 0.652654867257 1.0 0.0470588235294 0.10447761194 0.0576271901602 0.265331549075 0.52923483443 0.123486682809 0.25641025641 1.0 1.0 0.0 1 0.0162329741213 0.801287744227 1.0 0.740740740741 0.0 0.571428571429 0.86 1.0 0.666666666667 0.321428571429 0.85 0.764705882353 0.0 0.714285714286 0.775 1.0 0.964285714286 0.765432098765 1 1.0 0.460750853242 0.794871794872
0.0
1 0.666666666667 0.851851851852 0.0 0.909090909091 0.384615384615 0.952380952381 0.923076923077 0.0 1.0 0.575 0.619047619048 1.0 0.642424242424 1 0.0 0.333333333333 1.0 0.796293985525 0.0426829268293 0.195796460177 0.308439290205 1.0 0.432835820896 0.00296416628867 0.0262101425869 0.865913307472 1.0 0.0 0.0275823247959 0.228571428571 0.235294117647 1 0.0162329741213 0.0186500888099 0.0236419926822 0.851851851852 0.0 0.857142857143 0.92 1.0 0.75 0.357142857143 1.0 0.921568627451 1.0 0.714285714286 0.5625 0.565217391304 0.964285714286 0.648148148148 1 0.0 0.232081911263 0.538461538462
0.126509822944
1 0.5 0.907407407407 0.0 0.909090909091 0.115384615385 0.952380952381 0.923076923077 1.0 0.833333333333 0.6875 0.380952380952 1.0 0.557575757576 1 0.0 0.333333333333 0.613636363636 0.0326303968056 0.439024390244 0.130530973451 0.308439290205 1.0 0.432835820896 0.0297260519626 0.1432790365 0.0901782200483 0.556900726392 0.25641025641 0.0591049817056 0.228571428571 0.705882352941 1 0.0162329741213 0.0 0.0472839853645 0.907407407407 0.0 0.714285714286 1.0 1.0 0.75 0.107142857143 1.0 0.921568627451 0.0 0.857142857143 0.6625 0.608695652174 0.964285714286 0.567901234568 1 0.0 0.38566552901 0.692307692308
0.268363215732
1 1.0 0.722222222222 0.0 1.0 0.0384615384615 0.952380952381 0.903846153846 1.0 1.0 0.9 0.190476190476 0.892857142857 0.442424242424 1 0.0 0.0 0.340909090909 0.840903419017 0.469512195122 0.326327433628 0.245563783708 0.0 0.119402985075 0.225571999705 1.0 0.444875470849 0.0992736077482 0.0769230769231 0.126090627639 0.242857142857 0.411764705882 1 0.0162329741213 0.180284191829 0.145792288207 0.722222222222 0.0 1.0 0.74 1.0 1.0 0.0357142857143 0.95 0.882352941176 0.0 0.714285714286 0.875 0.260869565217 0.857142857143 0.456790123457 1 0.0 0.153583617747 0.230769230769
0.603148897886
1 0.666666666667 1.0 0.0 1.0 0.0 0.904761904762 0.903846153846 0.0 0.666666666667 0.9125 0.0714285714286 0.857142857143 0.442424242424 1 1.0 0.0 0.113636363636 0.0363738457699 0.0934270359653 1.0 0.245563783708 0.0716577540107 0.567164179104 0.0665724321987 0.81906695584 0.42994883904 0.179176755448 0.230769230769 0.267942583732 0.457412398922 0.648168701443 1 1.0 0.00310834813499 0.264002251618 1.0 0.0 1.0 0.6 1.0 1.0 0.0714285714286 0.95 0.901960784314 1.0 0.714285714286 0.9125 0.195652173913 0.892857142857 0.438271604938 1 0.0 0.232081911263 0.179487179487
0.430409356725
1 0.833333333333 0.851851851852 0.0 1.0 1.0 0.952380952381 0.903846153846 0.0 0.666666666667 1.0 0.357142857143 1.0 0.745454545455 1 0.0 0.333333333333 0.318181818182 0.866795607687 0.55487804878 0.848451327434 0.182688277211 0.0491978609626 0.0298507462687 0.0452536419161 0.322827742144 1.0 0.0 0.179487179487 0.993808049536 0.971428571429 1.0 1 0.0162329741213 0.843028419183 0.993808049536 0.851851851852 0.0 1.0 0.92 1.0 1.0 1.0 1.0 0.901960784314 1.0 0.714285714286 1.0 0.413043478261 0.964285714286 0.746913580247 1 0.0 0.460750853242 0.230769230769
0.224119353502
1 0.833333333333 0.722222222222 0.0 0.909090909091 0.769230769231 0.857142857143 0.865384615385 1.0 1.0 0.8 0.5 1.0 0.648484848485 1 0.0 0.251851851852 0.772727272727 0.87305964562 0.451219512195 0.261061946903 0.182688277211 0.0224598930481 0.0298507462687 0.0181647485733 0.0624336671127 0.280120312588 0.322033898305 0.205128205128 0.0 0.971428571429 0.470588235294 1 0.0128649890213 0.01243339254 0.0 0.722222222222 0.0 1.0 0.8 1.0 0.916666666667 0.785714285714 0.9 0.882352941176 0.0 1.0 0.775 0.45652173913 0.964285714286 0.648148148148 1 0.0 0.460750853242 0.333333333333
0.318128654971
1 0.666666666667 0.796296296296 0.0 1.0 0.153846153846 0.857142857143 0.865384615385 1.0 0.833333333333 0.9375 0.261904761905 1.0 0.715151515152 1 0.0 0.333333333333 0.659090909091 0.0326303968056 1.0 0.195796460177 0.182688277211 0.247058823529 0.44776119403 0.0181647485733 0.0624336671127 0.280120312588 0.290556900726 0.230769230769 0.98677174219 0.971428571429 0.470588235294 1 0.0128649890213 0.803285968028 0.98677174219 0.796296296296 0.0 0.857142857143 0.88 1.0 0.833333333333 0.214285714286 0.9 0.882352941176 0.0 0.857142857143 0.9125 0.326086956522 0.964285714286 0.716049382716 1 0.0 0.460750853242 0.615384615385
0.676125095347
1 0.833333333333 0.796296296296 0.0 1.0 0.307692307692 1.0 1.0 0.0 1.0 0.775 0.52380952381 0.0 1.0 1 0.0 0.5 0.409090909091 0.971599700524 0.353658536585 0.130530973451 0.182688277211 0.332620320856 1.0 0.206732138525 0.0 0.178444931692 0.19612590799 1.0 0.99268224036 0.0714285714286 0.235294117647 1 0.0128649890213 0.795515097691 0.99268224036 0.796296296296 0.0 1.0 0.88 1.0 0.833333333333 0.357142857143 1.0 1.0 1.0 1.0 0.775 0.565217391304 0.0357142857143 1.0 1 0.0 0.61433447099 0.333333333333
0.394072560041
1 0.833333333333 0.888888888889 0.0 0.818181818182 0.461538461538 0.857142857143 0.942307692308 0.0 0.833333333333 0.9 0.119047619048 0.0357142857143 0.436363636364 1 0.0 0.333333333333 0.113636363636 1.0 0.329268292683 0.326327433628 0.0778957663826 0.0802139037433 0.432835820896 0.0406016941107 0.190854136865 0.318406701524 0.135593220339 0.205128205128 0.00788066422741 0.214285714286 0.529411764706 1 0.0 0.0186500888099 0.00788066422741 0.888888888889 0.0 1.0 0.96 1.0 0.833333333333 0.5 0.9 0.941176470588 1.0 0.857142857143 0.9 0.260869565217 0.0 0.438271604938 1 1.0 0.539249146758 0.0512820512821
0.775996064929
1 1.0 0.0 1.0 0.727272727273 0.423076923077 0.809523809524 0.865384615385 1.0 0.5 0.8125 0.761904761905 0.928571428571 0.70303030303 1 0.0 0.418518518519 1.0 0.934801597205 0.524390243902 0.195796460177 0.559941316194 0.055614973262 0.0298507462687 0.0533866390996 0.161644594158 0.411142969585 0.210608067979 0.205128205128 0.996059667886 0.0 0.941176470588 1 0.0162329741213 0.798179396092 0.996059667886 0.0 0.0 0.857142857143 0.0 0.0 0.75 0.392857142857 0.85 0.862745098039 0.0 0.428571428571 0.7875 0.782608695652 0.892857142857 0.703703703704 1 1.0 0.539249146758 1.0
1.0
1 0.666666666667 0.611111111111 1.0 0.818181818182 0.461538461538 0.809523809524 0.865384615385 0.0 0.666666666667 0.775 0.761904761905 0.928571428571 0.715151515152 1 0.0 0.418518518519 1.0 0.0176441227851 0.640243902439 0.717920353982 0.455148805365 0.271657754011 0.0597014925373 0.0533866390996 0.161644594158 0.39430482937 0.939467312349 0.230769230769 0.996059667886 0.0 0.0588235294118 1 0.0162329741213 0.798179396092 0.996059667886 0.611111111111 0.0 0.857142857143 0.68 0.0 0.666666666667 0.392857142857 0.85 0.862745098039 1.0 0.428571428571 0.775 0.782608695652 0.892857142857 0.722222222222 1 1.0 0.539249146758 1.0
0.287057265806
1 0.833333333333 0.833333333333 0.0 0.818181818182 0.192307692308 0.857142857143 0.75 0.0 0.333333333333 0.8375 0.0238095238095 0.964285714286 0.254545454545 1 1.0 0.5 0.113636363636 0.957274769154 0.292682926829 0.326327433628 0.161729775045 0.0096256684492 0.208955223881 0.034093186637 0.162382908034 0.706330466071 0.00968523002421 0.0769230769231 0.999437095412 0.557142857143 0.0 1 0.596734363564 0.800843694494 0.999437095412 0.833333333333 0.0 1.0 0.92 1.0 0.833333333333 0.25 0.9 0.745098039216 1.0 0.428571428571 0.8375 0.108695652174 1.0 0.259259259259 1 0.0 0.61433447099 0.0
0.402148227712
1 0.166666666667 0.888888888889 1.0 0.454545454545 0.0 0.47619047619 0.25 0.0 0.333333333333 0.0 0.119047619048 0.821428571429 0.260606060606 1 0.0 0.918518518519 0.113636363636 0.923571250312 0.225609756098 0.0 0.224605281543 0.151871657754 0.0597014925373 1.0 0.0321627982096 0.00893911283522 0.372881355932 0.897435897436 0.999718547706 0.785714285714 0.882352941176 1 0.00274318221037 1.0 0.999718547706 0.888888888889 0.0 0.428571428571 0.98 0.0 0.5 0.0 0.9 0.235294117647 0.0 0.428571428571 0.0 0.195652173913 0.857142857143 0.253086419753 1 0.0 1.0 0.0
0.84383265857
1 0.5 0.685185185185 1.0 0.545454545455 0.269230769231 0.0952380952381 0.0576923076923 0.0 0.0 0.75 0.214285714286 0.785714285714 0.0 1 0.0 0.918518518519 0.159090909091 0.0431245320689 0.0 0.195796460177 0.308439290205 0.0160427807487 0.044776119403 0.00216247006825 0.102164182548 0.453364817001 0.375302663438 0.153846153846 0.366450886575 0.428571428571 0.470588235294 1 0.00274318221037 0.301509769094 0.366450886575 0.685185185185 1.0 0.428571428571 0.74 0.0 0.583333333333 0.25 0.1 0.0588235294118 1.0 0.142857142857 0.7625 0.369565217391 0.821428571429 0.0 1 0.0 0.460750853242 0.25641025641
0.896728307255
1 0.0 0.425925925926 1.0 0.0 0.192307692308 0.0 0.0 1.0 0.166666666667 0.25 0.0714285714286 0.821428571429 0.169696969697 1 0.0 1.0 0.204545454545 0.975118542551 0.0975609756098 0.195796460177 0.141330166271 0.0235294117647 0.0 0.00302745809555 0.0681094550321 0.0 0.145278450363 0.333333333333 0.0630453138193 0.228571428571 0.529411764706 1 0.00274318221037 0.0683836589698 0.0709259780467 0.425925925926 0.0 0.285714285714 0.46 0.0 0.0833333333333 0.178571428571 0.05 0.0 0.0 0.0 0.225 0.152173913043 0.821428571429 0.179012345679 1 0.0 0.921501706485 0.102564102564
0.768421052632
1 0.0 0.759259259259 1.0 0.0909090909091 0.5 0.047619047619 0.0384615384615 1.0 0.166666666667 0.375 0.0 0.857142857143 0.2 1 0.0 0.833333333333 0.0 0.0 0.0426829268293 0.130530973451 0.0 0.0224598930481 0.223880597015 0.0 0.0775691015643 0.0 0.145278450363 0.230769230769 0.0906276386153 0.842857142857 0.823529411765 1 0.00274318221037 0.180284191829 0.0788066422741 0.759259259259 0.0 0.0 0.82 0.0 0.0 0.464285714286 0.0 0.0 0.0 0.0 0.35 0.0 0.821428571429 0.203703703704 1 0.0 0.0 0.0
0.573484343771
